{"nbformat":4,"nbformat_minor":0,"metadata":{"colab":{"name":"26. Eigen Values - (Dominant, Smallest) Inverse Power Method.ipynb","provenance":[],"collapsed_sections":[]},"kernelspec":{"name":"python3","display_name":"Python 3"}},"cells":[{"cell_type":"code","metadata":{"id":"l0WDR8L8IN16","colab_type":"code","colab":{},"executionInfo":{"status":"ok","timestamp":1597874841541,"user_tz":-300,"elapsed":2795,"user":{"displayName":"Sami Alavi","photoUrl":"https://lh3.googleusercontent.com/a-/AOh14GhS532DiOV6LdXTfe51kZ7wQK91l78CIi7zyDR7yw=s64","userId":"08732375489853210245"}}},"source":["from math import ceil, pi, e\n","from termcolor import colored\n","import numpy as np"],"execution_count":1,"outputs":[]},{"cell_type":"code","metadata":{"id":"7sp7f3Y3IU_G","colab_type":"code","colab":{},"executionInfo":{"status":"ok","timestamp":1597874841546,"user_tz":-300,"elapsed":2789,"user":{"displayName":"Sami Alavi","photoUrl":"https://lh3.googleusercontent.com/a-/AOh14GhS532DiOV6LdXTfe51kZ7wQK91l78CIi7zyDR7yw=s64","userId":"08732375489853210245"}}},"source":["def checkint(floatt):\n","  floatt = float(floatt)\n","  if floatt%1!=0:\n","    return floatt\n","  else:\n","    return int(floatt)\n","\n","def truncate(floatt,n):\n","  floatt = str(float(floatt))\n","  indx = floatt.find('.')\n","  if indx!=-1:\n","    try:\n","      return checkint(floatt[:indx+n+1])\n","    except:\n","      return checkint(floatt)\n","  else:\n","    return checkint(floatt)\n","\n","def printt(string,color=\"red\",end='\\n'):\n","  print(colored(string,color),end=end)"],"execution_count":2,"outputs":[]},{"cell_type":"code","metadata":{"id":"yljWMs4UH-k7","colab_type":"code","colab":{},"executionInfo":{"status":"ok","timestamp":1597874841549,"user_tz":-300,"elapsed":2786,"user":{"displayName":"Sami Alavi","photoUrl":"https://lh3.googleusercontent.com/a-/AOh14GhS532DiOV6LdXTfe51kZ7wQK91l78CIi7zyDR7yw=s64","userId":"08732375489853210245"}}},"source":["def powermethod(A,x0,k,n):\n","  printt(f'(A-q{k}I)inverse * X{k} =')\n","  dot = A.dot(np.array([x0]).transpose())\n","  #dot = [truncate(i,n) for i in dot]\n","  u = max(dot, key=abs)\n","  dotdiv = np.divide(dot,u)\n","  #dotdiv = [truncate(i,n) for i in dotdiv]\n","  print(f'{A} *')\n","  print(f'{np.array([x0]).transpose()} =\\n')\n","  print(f'{dot} =\\n')\n","  print(f'{u} *')\n","  print(f'{dotdiv} = u{k+1}X{k+1}')\n","\n","  return truncate(u[0],n), dotdiv.flatten()"],"execution_count":3,"outputs":[]},{"cell_type":"code","metadata":{"id":"sVif9sixBdFf","colab_type":"code","colab":{},"executionInfo":{"status":"ok","timestamp":1597874841551,"user_tz":-300,"elapsed":2782,"user":{"displayName":"Sami Alavi","photoUrl":"https://lh3.googleusercontent.com/a-/AOh14GhS532DiOV6LdXTfe51kZ7wQK91l78CIi7zyDR7yw=s64","userId":"08732375489853210245"}}},"source":["def finderror(lmbdas,i,n):\n","  a1, a2 = lmbdas[i-1], lmbdas[i]\n","  if i==0:\n","    a1 = 0\n","  error = truncate(abs((a2-a1)/a2),n)\n","  print(f'Error = | ({a2} - {a1})/{a2} | => {error}\\n')\n","  return error\n","\n","def dominantinversepowermethod(A,x0,errorlim,n,numiters):\n","  flag = errorlim!=None\n","  A = np.array(A)\n","  lmbdas = list()  \n","  printt(f'q = (Xt *\\n    A *\\n    X) /\\n    (Xt *\\n    X)')\n","\n","  for i in range(numiters):    \n","    x0 = np.array([x0])\n","    x0t = x0.transpose()\n","    num = x0.dot(A).dot(x0t)[0][0]\n","    den = x0.dot(x0t)[0][0]\n","    q = truncate(num/den,n)\n","    print(f\"q{i+1} =\\n{colored('(','blue')}{x0} *\\n{A} *\\n{x0t}{colored(')','blue')} /\\n{colored('(','blue')}{x0} *\\n{x0t}{colored(')','blue')}\")\n","    printt(f\"\\nq{i+1} = {q}\",color='green')\n","    Amin = A - q*np.identity(len(A), dtype=int) # A - qI\n","    Ainv = np.linalg.inv(Amin)    # (A - qI)inverse\n","    print(f'\\n(A - q{i}I) =\\n{Amin}')\n","    print(f'\\n(A - q{i}I)inverse =\\n{Ainv}')\n","    printt(f'Now find maximum eigen value of (A-q{i}I)inverse using power method\\n')\n","\n","    micro, x0 = powermethod(Ainv,x0[0],i,n)\n","    lmbdas.append(truncate((1/micro)+q,n))\n","    printt(f'u{i+1} = {micro}',color='green')\n","    print(f\"λ{i+1} = (1/u{i+1}) + q{i+1} {colored(f'= {truncate(1/micro,n)} + {q}','blue')} {colored(f'= {lmbdas[i]}','blue')}\")\n","    error = finderror(lmbdas,i,n)\n","    if flag:\n","      if error<errorlim:\n","        break\n","    printt('-------------------------------------------------------------------------------------------------------------\\n')"],"execution_count":4,"outputs":[]},{"cell_type":"code","metadata":{"id":"pLqf34ue3wUx","colab_type":"code","colab":{},"executionInfo":{"status":"ok","timestamp":1597874841552,"user_tz":-300,"elapsed":2779,"user":{"displayName":"Sami Alavi","photoUrl":"https://lh3.googleusercontent.com/a-/AOh14GhS532DiOV6LdXTfe51kZ7wQK91l78CIi7zyDR7yw=s64","userId":"08732375489853210245"}}},"source":["def smallesteigenvalue(A,x0,errorlim,n,numiters):\n","  flag = errorlim!=None\n","  rows = len(A)\n","  A = np.array(A)\n","  x0 = np.array([x0]).transpose()\n","  lmbdas = list()\n","  B = np.linalg.inv(A)\n","  for i in range(rows):\n","    if i==0:print(f'A = {A[i]}')\n","    else:print(f'    {A[i]}')  \n","  for i in range(rows):\n","    if i==0:print(f'B = Ainverse = {B[i]}')\n","    else:print(f'              {B[i]}')  \n","  for k in range(numiters):\n","    Bx = B.dot(x0)\n","    u = max(Bx, key=abs)\n","    dotdiv = np.divide(Bx,u)\n","    for i in range(rows):\n","      if i==0:print(f'\\nBx{k} = {B[i]} * {x0[i]}')\n","      else:print(f'      {B[i]}   {x0[i]}')\n","    for i in range(rows):\n","      if i==0:print(f'\\n    = {Bx[i]} = {u}{dotdiv[i]} = u{k+1}x{k+1}')\n","      else:print(f'      {Bx[i]}        {dotdiv[i]}')\n","    x0 = dotdiv\n","    lmb = 1/u\n","    printt(f'λ{k} = 1/u{k} = 1/{u} =>{lmb}',color='blue')\n","    lmbdas.append(lmb)\n","    error = finderror(lmbdas,k,n)\n","    if flag:\n","      if error<errorlim:\n","        break\n","    printt('-------------------------------------')"],"execution_count":5,"outputs":[]},{"cell_type":"markdown","metadata":{"id":"yt3RVFw086VN","colab_type":"text"},"source":["DOMINANT EIGEN VALUE"]},{"cell_type":"code","metadata":{"id":"5ifnDqVEBK0n","colab_type":"code","colab":{"base_uri":"https://localhost:8080/","height":918},"executionInfo":{"status":"ok","timestamp":1597874841553,"user_tz":-300,"elapsed":2731,"user":{"displayName":"Sami Alavi","photoUrl":"https://lh3.googleusercontent.com/a-/AOh14GhS532DiOV6LdXTfe51kZ7wQK91l78CIi7zyDR7yw=s64","userId":"08732375489853210245"}},"outputId":"fbbf3f43-5418-4804-df4a-75f65e2b25a1"},"source":["A = [[-4,14,0],         # matrix A\n","     [-5,13,0],\n","     [-1,0,2]]\n","\n","x0 = [1,1,1]            # initial x0 transpose\n","errorlim = None       # if errorlim, else set to None\n","n = 4                 # for truncation (n decimal places)\n","numiters = 1          # num of iterations (set to 50 if to find using errorlim)\n","\n","np.set_printoptions(precision = n)\n","dominantinversepowermethod(A,x0,errorlim,n,numiters)"],"execution_count":6,"outputs":[{"output_type":"stream","text":["\u001b[31mq = (Xt *\n","    A *\n","    X) /\n","    (Xt *\n","    X)\u001b[0m\n","q1 =\n","\u001b[34m(\u001b[0m[[1 1 1]] *\n","[[-4 14  0]\n"," [-5 13  0]\n"," [-1  0  2]] *\n","[[1]\n"," [1]\n"," [1]]\u001b[34m)\u001b[0m /\n","\u001b[34m(\u001b[0m[[1 1 1]] *\n","[[1]\n"," [1]\n"," [1]]\u001b[34m)\u001b[0m\n","\u001b[32m\n","q1 = 6.3333\u001b[0m\n","\n","(A - q0I) =\n","[[-10.3333  14.       0.    ]\n"," [ -5.       6.6667   0.    ]\n"," [ -1.       0.      -4.3333]]\n","\n","(A - q0I)inverse =\n","[[  6.0007 -12.6014  -0.    ]\n"," [  4.5005  -9.301   -0.    ]\n"," [ -1.3848   2.908   -0.2308]]\n","\u001b[31mNow find maximum eigen value of (A-q0I)inverse using power method\n","\u001b[0m\n","\u001b[31m(A-q0I)inverse * X0 =\u001b[0m\n","[[  6.0007 -12.6014  -0.    ]\n"," [  4.5005  -9.301   -0.    ]\n"," [ -1.3848   2.908   -0.2308]] *\n","[[1]\n"," [1]\n"," [1]] =\n","\n","[[-6.6007]\n"," [-4.8005]\n"," [ 1.2925]] =\n","\n","[-6.6007] *\n","[[ 1.    ]\n"," [ 0.7273]\n"," [-0.1958]] = u1X1\n","\u001b[32mu1 = -6.6006\u001b[0m\n","λ1 = (1/u1) + q1 \u001b[34m= -0.1515 + 6.3333\u001b[0m \u001b[34m= 6.1817\u001b[0m\n","Error = | (6.1817 - 0)/6.1817 | => 1\n","\n","\u001b[31m-------------------------------------------------------------------------------------------------------------\n","\u001b[0m\n"],"name":"stdout"}]},{"cell_type":"code","metadata":{"id":"d76fBerrRr-W","colab_type":"code","colab":{"base_uri":"https://localhost:8080/","height":1000},"executionInfo":{"status":"ok","timestamp":1597874841555,"user_tz":-300,"elapsed":2718,"user":{"displayName":"Sami Alavi","photoUrl":"https://lh3.googleusercontent.com/a-/AOh14GhS532DiOV6LdXTfe51kZ7wQK91l78CIi7zyDR7yw=s64","userId":"08732375489853210245"}},"outputId":"a6dfeabf-5c29-4072-c301-7322333fd49f"},"source":["A = [[1,1,0,0],         # matrix A\n","     [1,2,0,1],\n","     [0,0,3,3],\n","     [0,1,3,2]]\n","\n","x0 = [1,1,0,1]            # initial x0 transpose\n","errorlim = None       # if errorlim, else set to None\n","n = 4                 # for truncation (n decimal places)\n","numiters = 3          # num of iterations (set to 50 if to find using errorlim)\n","\n","np.set_printoptions(precision = n)\n","dominantinversepowermethod(A,x0,errorlim,n,numiters)"],"execution_count":7,"outputs":[{"output_type":"stream","text":["\u001b[31mq = (Xt *\n","    A *\n","    X) /\n","    (Xt *\n","    X)\u001b[0m\n","q1 =\n","\u001b[34m(\u001b[0m[[1 1 0 1]] *\n","[[1 1 0 0]\n"," [1 2 0 1]\n"," [0 0 3 3]\n"," [0 1 3 2]] *\n","[[1]\n"," [1]\n"," [0]\n"," [1]]\u001b[34m)\u001b[0m /\n","\u001b[34m(\u001b[0m[[1 1 0 1]] *\n","[[1]\n"," [1]\n"," [0]\n"," [1]]\u001b[34m)\u001b[0m\n","\u001b[32m\n","q1 = 3\u001b[0m\n","\n","(A - q0I) =\n","[[-2  1  0  0]\n"," [ 1 -1  0  1]\n"," [ 0  0  0  3]\n"," [ 0  1  3 -1]]\n","\n","(A - q0I)inverse =\n","[[-1.     -1.      0.3333 -0.    ]\n"," [-1.     -2.      0.6667  0.    ]\n"," [ 0.3333  0.6667 -0.1111  0.3333]\n"," [ 0.      0.      0.3333  0.    ]]\n","\u001b[31mNow find maximum eigen value of (A-q0I)inverse using power method\n","\u001b[0m\n","\u001b[31m(A-q0I)inverse * X0 =\u001b[0m\n","[[-1.     -1.      0.3333 -0.    ]\n"," [-1.     -2.      0.6667  0.    ]\n"," [ 0.3333  0.6667 -0.1111  0.3333]\n"," [ 0.      0.      0.3333  0.    ]] *\n","[[1]\n"," [1]\n"," [0]\n"," [1]] =\n","\n","[[-2.    ]\n"," [-3.    ]\n"," [ 1.3333]\n"," [ 0.    ]] =\n","\n","[-3.] *\n","[[ 0.6667]\n"," [ 1.    ]\n"," [-0.4444]\n"," [-0.    ]] = u1X1\n","\u001b[32mu1 = -3\u001b[0m\n","λ1 = (1/u1) + q1 \u001b[34m= -0.3333 + 3\u001b[0m \u001b[34m= 2.6666\u001b[0m\n","Error = | (2.6666 - 0)/2.6666 | => 1\n","\n","\u001b[31m-------------------------------------------------------------------------------------------------------------\n","\u001b[0m\n","q2 =\n","\u001b[34m(\u001b[0m[[ 0.6667  1.     -0.4444 -0.    ]] *\n","[[1 1 0 0]\n"," [1 2 0 1]\n"," [0 0 3 3]\n"," [0 1 3 2]] *\n","[[ 0.6667]\n"," [ 1.    ]\n"," [-0.4444]\n"," [-0.    ]]\u001b[34m)\u001b[0m /\n","\u001b[34m(\u001b[0m[[ 0.6667  1.     -0.4444 -0.    ]] *\n","[[ 0.6667]\n"," [ 1.    ]\n"," [-0.4444]\n"," [-0.    ]]\u001b[34m)\u001b[0m\n","\u001b[32m\n","q2 = 2.6616\u001b[0m\n","\n","(A - q1I) =\n","[[-1.6616  1.      0.      0.    ]\n"," [ 1.     -0.6616  0.      1.    ]\n"," [ 0.      0.      0.3384  3.    ]\n"," [ 0.      1.      3.     -0.6616]]\n","\n","(A - q1I)inverse =\n","[[-16.2929 -26.0723   8.4798  -0.9565]\n"," [-26.0723 -43.3218  14.0901  -1.5894]\n"," [  8.4798  14.0901  -4.511    0.8422]\n"," [ -0.9565  -1.5894   0.8422  -0.095 ]]\n","\u001b[31mNow find maximum eigen value of (A-q1I)inverse using power method\n","\u001b[0m\n","\u001b[31m(A-q1I)inverse * X1 =\u001b[0m\n","[[-16.2929 -26.0723   8.4798  -0.9565]\n"," [-26.0723 -43.3218  14.0901  -1.5894]\n"," [  8.4798  14.0901  -4.511    0.8422]\n"," [ -0.9565  -1.5894   0.8422  -0.095 ]] *\n","[[ 0.6667]\n"," [ 1.    ]\n"," [-0.4444]\n"," [-0.    ]] =\n","\n","[[-40.7031]\n"," [-66.9656]\n"," [ 21.7482]\n"," [ -2.6013]] =\n","\n","[-66.9656] *\n","[[ 0.6078]\n"," [ 1.    ]\n"," [-0.3248]\n"," [ 0.0388]] = u2X2\n","\u001b[32mu2 = -66.9655\u001b[0m\n","λ2 = (1/u2) + q2 \u001b[34m= -0.0149 + 2.6616\u001b[0m \u001b[34m= 2.6466\u001b[0m\n","Error = | (2.6466 - 2.6666)/2.6466 | => 0.0075\n","\n","\u001b[31m-------------------------------------------------------------------------------------------------------------\n","\u001b[0m\n","q3 =\n","\u001b[34m(\u001b[0m[[ 0.6078  1.     -0.3248  0.0388]] *\n","[[1 1 0 0]\n"," [1 2 0 1]\n"," [0 0 3 3]\n"," [0 1 3 2]] *\n","[[ 0.6078]\n"," [ 1.    ]\n"," [-0.3248]\n"," [ 0.0388]]\u001b[34m)\u001b[0m /\n","\u001b[34m(\u001b[0m[[ 0.6078  1.     -0.3248  0.0388]] *\n","[[ 0.6078]\n"," [ 1.    ]\n"," [-0.3248]\n"," [ 0.0388]]\u001b[34m)\u001b[0m\n","\u001b[32m\n","q3 = 2.6459\u001b[0m\n","\n","(A - q2I) =\n","[[-1.6459  1.      0.      0.    ]\n"," [ 1.     -0.6459  0.      1.    ]\n"," [ 0.      0.      0.3541  3.    ]\n"," [ 0.      1.      3.     -0.6459]]\n","\n","(A - q2I)inverse =\n","[[ 9296.2886 15301.7613 -4974.1804   587.1191]\n"," [15301.7613 25185.169  -8187.0035   966.3393]\n"," [-4974.1804 -8187.0035  2661.4389  -313.8052]\n"," [  587.1191   966.3393  -313.8052    37.0395]]\n","\u001b[31mNow find maximum eigen value of (A-q2I)inverse using power method\n","\u001b[0m\n","\u001b[31m(A-q2I)inverse * X2 =\u001b[0m\n","[[ 9296.2886 15301.7613 -4974.1804   587.1191]\n"," [15301.7613 25185.169  -8187.0035   966.3393]\n"," [-4974.1804 -8187.0035  2661.4389  -313.8052]\n"," [  587.1191   966.3393  -313.8052    37.0395]] *\n","[[ 0.6078]\n"," [ 1.    ]\n"," [-0.3248]\n"," [ 0.0388]] =\n","\n","[[ 22590.4951]\n"," [ 37182.3036]\n"," [-12086.951 ]\n"," [  1426.5549]] =\n","\n","[37182.3036] *\n","[[ 0.6076]\n"," [ 1.    ]\n"," [-0.3251]\n"," [ 0.0384]] = u3X3\n","\u001b[32mu3 = 37182.3036\u001b[0m\n","λ3 = (1/u3) + q3 \u001b[34m= 2.6894 + 2.6459\u001b[0m \u001b[34m= 2.6459\u001b[0m\n","Error = | (2.6459 - 2.6466)/2.6459 | => 0.0002\n","\n","\u001b[31m-------------------------------------------------------------------------------------------------------------\n","\u001b[0m\n"],"name":"stdout"}]},{"cell_type":"markdown","metadata":{"id":"C9phnLbH89El","colab_type":"text"},"source":["SMALLEST EIGEN VALUE"]},{"cell_type":"code","metadata":{"id":"l2xIPCn085Ki","colab_type":"code","colab":{"base_uri":"https://localhost:8080/","height":425},"executionInfo":{"status":"ok","timestamp":1597874841556,"user_tz":-300,"elapsed":2704,"user":{"displayName":"Sami Alavi","photoUrl":"https://lh3.googleusercontent.com/a-/AOh14GhS532DiOV6LdXTfe51kZ7wQK91l78CIi7zyDR7yw=s64","userId":"08732375489853210245"}},"outputId":"0e85c553-0310-4b9a-8cfa-fe75ab2e54d2"},"source":["A = [[-2,-3],         # matrix A\n","     [6,7]]\n","\n","x0 = [1,1]            # initial x0 transpose\n","errorlim = None       # if errorlim, else set to None\n","n = 4                 # for truncation (n decimal places)\n","numiters = 2          # num of iterations (set to 50 if to find using errorlim)\n","\n","np.set_printoptions(precision = n)\n","smallesteigenvalue(A,x0,errorlim,n,numiters)"],"execution_count":8,"outputs":[{"output_type":"stream","text":["A = [-2 -3]\n","    [6 7]\n","B = Ainverse = [1.75 0.75]\n","              [-1.5 -0.5]\n","\n","Bx0 = [1.75 0.75] * [1]\n","      [-1.5 -0.5]   [1]\n","\n","    = [2.5] = [2.5][1.] = u1x1\n","      [-2.]        [-0.8]\n","\u001b[34mλ0 = 1/u0 = 1/[2.5] =>[0.4]\u001b[0m\n","Error = | ([0.4] - 0)/[0.4] | => 1\n","\n","\u001b[31m-------------------------------------\u001b[0m\n","\n","Bx1 = [1.75 0.75] * [1.]\n","      [-1.5 -0.5]   [-0.8]\n","\n","    = [1.15] = [1.15][1.] = u2x2\n","      [-1.1]        [-0.9565]\n","\u001b[34mλ1 = 1/u1 = 1/[1.15] =>[0.8696]\u001b[0m\n","Error = | ([0.8696] - [0.4])/[0.8696] | => 0.54\n","\n","\u001b[31m-------------------------------------\u001b[0m\n"],"name":"stdout"}]},{"cell_type":"code","metadata":{"id":"C9bP_OzY8-ug","colab_type":"code","colab":{"base_uri":"https://localhost:8080/","height":867},"executionInfo":{"status":"ok","timestamp":1597874841557,"user_tz":-300,"elapsed":2691,"user":{"displayName":"Sami Alavi","photoUrl":"https://lh3.googleusercontent.com/a-/AOh14GhS532DiOV6LdXTfe51kZ7wQK91l78CIi7zyDR7yw=s64","userId":"08732375489853210245"}},"outputId":"a0c28300-a804-4964-a588-afab8ae24c59"},"source":["A = [[1,1,0,0],         # matrix A\n","     [1,2,0,1],\n","     [0,0,3,3],\n","     [0,1,3,2]]\n","\n","x0 = [1,1,0,1]            # initial x0 transpose\n","errorlim = None       # if errorlim, else set to None\n","n = 4                 # for truncation (n decimal places)\n","numiters = 3          # num of iterations (set to 50 if to find using errorlim)\n","\n","np.set_printoptions(precision = n)\n","smallesteigenvalue(A,x0,errorlim,n,numiters)"],"execution_count":9,"outputs":[{"output_type":"stream","text":["A = [1 1 0 0]\n","    [1 2 0 1]\n","    [0 0 3 3]\n","    [0 1 3 2]\n","B = Ainverse = [ 1.5 -0.5  0.5 -0.5]\n","              [-0.5  0.5 -0.5  0.5]\n","              [ 0.5    -0.5    -0.1667  0.5   ]\n","              [-0.5  0.5  0.5 -0.5]\n","\n","Bx0 = [ 1.5 -0.5  0.5 -0.5] * [1]\n","      [-0.5  0.5 -0.5  0.5]   [1]\n","      [ 0.5    -0.5    -0.1667  0.5   ]   [0]\n","      [-0.5  0.5  0.5 -0.5]   [1]\n","\n","    = [0.5] = [0.5][1.] = u1x1\n","      [0.5]        [1.]\n","      [0.5]        [1.]\n","      [-0.5]        [-1.]\n","\u001b[34mλ0 = 1/u0 = 1/[0.5] =>[2.]\u001b[0m\n","Error = | ([2.] - 0)/[2.] | => 1\n","\n","\u001b[31m-------------------------------------\u001b[0m\n","\n","Bx1 = [ 1.5 -0.5  0.5 -0.5] * [1.]\n","      [-0.5  0.5 -0.5  0.5]   [1.]\n","      [ 0.5    -0.5    -0.1667  0.5   ]   [1.]\n","      [-0.5  0.5  0.5 -0.5]   [-1.]\n","\n","    = [2.] = [2.][1.] = u2x2\n","      [-1.]        [-0.5]\n","      [-0.6667]        [-0.3333]\n","      [1.]        [0.5]\n","\u001b[34mλ1 = 1/u1 = 1/[2.] =>[0.5]\u001b[0m\n","Error = | ([0.5] - [2.])/[0.5] | => 3\n","\n","\u001b[31m-------------------------------------\u001b[0m\n","\n","Bx2 = [ 1.5 -0.5  0.5 -0.5] * [1.]\n","      [-0.5  0.5 -0.5  0.5]   [-0.5]\n","      [ 0.5    -0.5    -0.1667  0.5   ]   [-0.3333]\n","      [-0.5  0.5  0.5 -0.5]   [0.5]\n","\n","    = [1.3333] = [1.3333][1.] = u3x3\n","      [-0.3333]        [-0.25]\n","      [1.0556]        [0.7917]\n","      [-1.1667]        [-0.875]\n","\u001b[34mλ2 = 1/u2 = 1/[1.3333] =>[0.75]\u001b[0m\n","Error = | ([0.75] - [0.5])/[0.75] | => 0.3333\n","\n","\u001b[31m-------------------------------------\u001b[0m\n"],"name":"stdout"}]}]}